22 off =
uint16_t rawData[211] = {9044, 4494,  610, 1692,  580, 1692,  580, 562,  578, 564,  580, 564,  578, 544,  602, 1652,  626, 1652,  622, 1692,  580, 1692,  580, 1694,  580, 564,  580, 1652,  622, 1672,  604, 1652,  624, 564,  580, 534,  608, 562,  580, 562,  580, 562,  580, 564,  578, 1652,  624, 1652,  626, 1672,  604, 560,  580, 562,  578, 562,  580, 562,  580, 564,  580, 524,  622, 542,  604, 564,  580, 562,  578, 562,  580, 562,  580, 562,  580, 564,  580, 1652,  626, 1652,  626, 562,  580, 532,  608, 562,  578, 562,  580, 562,  580, 564,  580, 542,  604, 522,  624, 564,  580, 532,  608, 562,  580, 562,  580, 562,  580, 
562,  580, 1654,  624, 524,  624, 564,  578, 560,  580, 560,  580, 562,  580, 562,  580, 564,  580, 542,  604, 524,  622, 564,  580, 532,  608, 560,  580, 562,  580, 564,  580, 564,  580, 524,  622, 524,  622, 
564,  578, 532,  608, 562,  580, 562,  580, 564,  578, 564,  580, 568,  578, 524,  624, 564,  580, 532,  608, 562,  580, 562,  580, 564,  578, 564,  578, 522,  624, 524,  622, 564,  578, 1692,  580, 562,  578, 
1694,  580, 564,  580, 564,  580, 542,  604, 522,  624, 564,  578, 1692,  580, 1692,  580, 1692,  580, 1672,  604, 1672,  604, 564,  580, 522,  624, 1692,  580};  // ELECTRA_AC
uint8_t state[13] = {0xC3, 0x77, 0xE0, 0x00, 0x60, 0x00, 0x20, 0x00, 0x00, 0x00, 0x00, 0x05, 0x9F};

22 on=
uint16_t rawData[211] = {9042, 4494,  612, 1692,  580, 1692,  580, 562,  580, 562,  580, 564,  578, 568,  578, 1654,  624, 1672,  604, 1692,  582, 1690,  580, 1694,  580, 562,  580, 1652,  624, 1654,  622, 1654,  626, 562,  580, 532,  610, 562,  578, 562,  580, 562,  580, 564,  578, 1654,  624, 1652,  626, 1652,  624, 534,  606, 562,  580, 562,  580, 564,  580, 566,  578, 544,  602, 522,  624, 564,  580, 560,  580, 562,  580, 562,  580, 562,  580, 564,  580, 1652,  624, 1652,  626, 562,  580, 534,  606, 562,  580, 562,  580, 562,  580, 564,  580, 542,  604, 522,  624, 562,  580, 560,  580, 560,  582, 560,  582, 562,  580, 
564,  580, 1652,  626, 542,  604, 564,  580, 558,  610, 530,  582, 560,  612, 530,  612, 532,  610, 536,  610, 514,  634, 532,  610, 532,  610, 530,  610, 530,  610, 532,  610, 534,  610, 510,  636, 510,  636, 
532,  610, 530,  612, 508,  634, 530,  612, 530,  612, 532,  610, 1620,  658, 510,  636, 532,  610, 530,  610, 506,  636, 532,  610, 532,  612, 532,  612, 512,  634, 512,  634, 532,  610, 1662,  610, 530,  612, 1662,  612, 532,  610, 532,  610, 536,  610, 512,  634, 534,  608, 1662,  610, 1662,  612, 1662,  612, 1662,  610, 1642,  634, 1620,  656, 536,  610, 1662,  612};  // ELECTRA_AC
uint8_t state[13] = {0xC3, 0x77, 0xE0, 0x00, 0x60, 0x00, 0x20, 0x00, 0x00, 0x20, 0x00, 0x05, 0xBF};

16 on = 
uint16_t rawData[211] = {9022, 4534,  562, 1736,  544, 1730,  530, 610,  542, 602,  508, 634,  538, 610,  534, 1696,  582, 1736,  512, 1730,  568, 1732,  542, 1734,  546, 596,  536, 610,  538, 606,  542, 1692,  580, 606,  542, 570,  542, 626,  542, 602,  534, 608,  544, 598,  512, 1742,  560, 1698,  580, 1740,  542, 600,  510, 630,  538, 608,  538, 618,  494, 636,  512, 614,  562, 606,  536, 608, 
 534, 572,  570, 602,  544, 596,  534, 610,  540, 602,  538, 1716,  532, 1722,  554, 634,  536, 574,  574, 596,  538, 606,  544, 596,  542, 592,  546, 632,  538, 608,  508, 634,  532, 580,  574, 566, 
 568, 602,  512, 628,  548, 598,  530, 1724,  562, 610,  536, 602,  536, 574,  568, 602,  508, 634,  530, 612,  510, 636,  534, 610,  534, 590,  530, 636,  534, 576,  562, 606,  538, 604,  516, 628,  
542, 602,  516, 632,  532, 592,  566, 596,  536, 578,  568, 602,  512, 630,  532, 608,  544, 600,  536, 1718,  558, 612,  534, 608,  516, 596,  570, 600,  538, 604,  516, 626,  538, 608,  546, 602,  532, 588,  560, 606,  510, 1762,  510, 602,  560, 1740,  542, 600,  516, 630,  512, 636,  534, 588,  562, 602,  512, 1760,  536, 1736,  540, 1734,  512, 1766,  540, 600,  534, 616,  532, 614,  508, 1762,  516}; 

16 off = 

uint16_t rawData[211] = {9042, 4508,  568, 1732,  542, 1734,  560, 580,  592, 548,  566, 578,  560, 584,  562, 1692,  586, 1690,  580, 1688,  590, 1710,  562, 1712,  560, 580,  590, 554,  564, 558,  584, 1696,  586, 578,  564, 548,  588, 582,  564, 578,  560, 582,  594, 548,  568, 1688,  582, 1694,  564, 1738,  534, 574,  564, 578,  560, 610,  538, 602,  560, 586,  558, 564,  582, 544,  606, 578, 
 556, 552,  570, 602,  540, 602,  538, 608,  538, 604,  564, 1690,  560, 1716,  564, 604,  560, 552,  590, 580,  564, 552,  590, 580,  560, 584,  560, 562,  586, 584,  562, 578,  560, 554,  566, 574, 
 590, 580,  560, 582,  564, 582,  562, 1692,  586, 560,  564, 602,  534, 580,  564, 578,  590, 578,  564, 580,  562, 580,  562, 584,  564, 558,  592, 574,  542, 572,  588, 582,  554, 588,  536, 608,  
564, 580,  558, 566,  586, 560,  560, 608,  546, 564,  564, 606,  540, 604,  528, 614,  562, 582,  536, 586,  562, 586,  584, 584,  534, 574,  568, 576,  564, 604,  560, 582,  564, 582,  558, 564,  588, 560,  582, 584,  558, 1714,  560, 580,  564, 1708,  596, 548,  560, 584,  536, 588,  586, 584,  560, 580,  562, 1708,  560, 1684,  592, 1708,  564, 1692,  582, 584,  592, 1662,  584, 1692,  588, 550,  566};

uint8_t klimaOff16[13] = {0xC3, 0x47, 0xE0, 0x00, 0x60, 0x00, 0x20, 0x00, 0x00, 0x00, 0x00, 0x05, 0x6F};

uint8_t klimaOn16[13] = {0xC3, 0x47, 0xE0, 0x00, 0x60, 0x00, 0x20, 0x00, 0x00, 0x20, 0x00, 0x05, 0x8F};
